1.00,0.99,0.97,0.98,0.97,0.97,0.96,0.96,0.95,0.91,0.93,0.89
0.99,1.00,0.98,0.98,0.96,0.96,0.95,0.95,0.93,0.88,0.90,0.87
0.97,0.98,1.00,0.99,0.95,0.94,0.92,0.93,0.91,0.85,0.86,0.85
0.98,0.98,0.99,1.00,0.98,0.96,0.95,0.95,0.94,0.90,0.92,0.90
0.97,0.96,0.95,0.98,1.00,0.99,0.97,0.96,0.96,0.94,0.95,0.94
0.97,0.96,0.94,0.96,0.99,1.00,0.99,0.97,0.97,0.94,0.94,0.94
0.96,0.95,0.92,0.95,0.97,0.99,1.00,0.99,0.98,0.97,0.95,0.95
0.96,0.95,0.93,0.95,0.96,0.97,0.99,1.00,0.99,0.97,0.95,0.95
0.95,0.93,0.91,0.94,0.96,0.97,0.98,0.99,1.00,0.98,0.97,0.98
0.91,0.88,0.85,0.90,0.94,0.94,0.97,0.97,0.98,1.00,0.98,0.98
0.93,0.90,0.86,0.92,0.95,0.94,0.95,0.95,0.97,0.98,1.00,0.98
0.89,0.87,0.85,0.90,0.94,0.94,0.95,0.95,0.98,0.98,0.98,1.00
