1.00,0.96,0.96,0.97,0.90,0.97,0.93,0.94
0.96,1.00,0.98,0.99,0.96,0.98,0.97,0.97
0.96,0.98,1.00,0.97,0.97,0.98,0.98,0.98
0.97,0.99,0.97,1.00,0.92,0.98,0.96,0.96
0.90,0.96,0.97,0.92,1.00,0.96,0.98,0.98
0.97,0.98,0.98,0.98,0.96,1.00,0.97,0.98
0.93,0.97,0.98,0.96,0.98,0.97,1.00,0.99
0.94,0.97,0.98,0.96,0.98,0.98,0.99,1.00
