,,,,,,,,,,,
,,,,,,,,,,,
,,,,,,,,,,,
,,,1.00,0.45,-0.20,-0.01,0.23,-0.38,0.52,0.58,-0.32
,,,0.45,1.00,-0.08,0.54,0.33,0.02,0.56,0.13,0.04
,,,-0.20,-0.08,1.00,0.54,0.79,0.35,0.56,0.25,-0.09
,,,-0.01,0.54,0.54,1.00,0.69,0.02,0.58,0.42,-0.07
,,,0.23,0.33,0.79,0.69,1.00,0.34,0.63,0.66,-0.48
,,,-0.38,0.02,0.35,0.02,0.34,1.00,-0.10,-0.23,-0.40
,,,0.52,0.56,0.56,0.58,0.63,-0.10,1.00,0.33,0.07
,,,0.58,0.13,0.25,0.42,0.66,-0.23,0.33,1.00,-0.66
,,,-0.32,0.04,-0.09,-0.07,-0.48,-0.40,0.07,-0.66,1.00
